882
126
294
1764
1470
630
630
270
135
0
0
0
0
0
432
648
648
324
180
180
20
90
270
378
1512
6048
1344
1344
960
1680
1680
5880
3920
1568
672
840
600
450
900
2700
540
972
1296
2916
972
3888
3888
5832
5832
15552
11664
6480
2160
0
0
0
0
0
294
392
1960
0
0
0
0
0
432
216
648
1620
1890
7560
7560
840
1344
0
0
0
0
0
1728
13824
0
0
0
0
0
1728
12096
12096
16128
8960
2240
2560
1280
480
768
3840
3840
5760
1920
1200
1440
0
0
0
0
0
504
144
162
72
648
2592
11664
6480
6480
3600
8100
4500
0
0
0
0
0
1323
6615
7560
7560
3240
360
648
405
270
720
3600
1200
480
0
0
0
0
0
0
0
0
25
10
10
40
0
0
0
0
0
12096
14112
1568
980
1120
1400
400
1200
1920
1440
864
0
0
0
0
0
0
0
1890
810
1620
2916
0
0
0
0
0
2916
1620
540
360
1260
560
448
672
0
0
0
0
0
2100
3150
6300
10080
18144
15552
15552
10368
10368
10368
8640
0
0
0
0
0
640
640
800
320
480
120
180
36
126
126
126
168
840
720
960
0
0
0
0
0
0
0
504
56
14
2
14
28
56
84
672
288
144
72
72
54
36
72
144
432
576
2592
3888
7776
1728
648
216
576
0
0
0
0
0
0
0
360
135
810
540
756
1512
3024
504
1008
288
384
128
1024
0
0
0
0
0
1536
2048
3072
4608
4608
5760
1440
720
960
1680
1344
6048
6048
0
0
0
0
0
0
0
0
0
0
1512
1944
0
0
0
0
0
1080
0
0
0
0
0
0
0
0
2646
0
0
0
0
0
168
0
0
0
0
0
1000
1800
5400
0
0
0
0
0
0
0
0
0
0
0
0
0
0
112
784
112
112
28
112
128
384
1728
15552
15552
13608
40824
31752
31752
0
0
0
0
0
2016
1764
1008
1008
1008
504
648
0
0
0
0
0
3402
6804
0
0
0
0
0
0
0
0
0
7938
5292
8820
8820
2520
2940
1470
882
378
0
0
0
0
0
0
0
0
1890
3024
8064
2688
896
256
0
0
0
0
0
240
120
320
0
0
0
0
0
630
350
200
200
800
0
0
0
0
0
6300
2520
560
560
240
240
240
600
1200
1600
2880
0
0
0
0
0
294
294
0
0
0
0
0
0
0
0
0
0
0
0
0
4320
8640
6480
8640
3840
4608
4032
0
0
0
0
0
576
96
160
560
280
140
140
140
100
150
675
4725
4725
2835
5670
5670
5670
9072
3024
3528
3528
3528
3087
24696
14112
9408
1344
1344
672
0
0
0
0
0
5400
900
900
900
360
648
0
0
0
0
0
2880
3240
1620
1620
324
486
378
1008
2016
12096
10752
9216
2304
1152
768
768
256
1024
1536
3456
3024
3024
756
1008
112
48
168
420
630
3150
7350
0
0
0
0
0
0
0
0
0
0
0
0
0
0
0
0
0
0
7938
6804
6048
5184
12960
2880
1920
240
160
160
240
300
300
0
0
0
0
0
0
1792
448
384
576
216
756
0
0
0
0
0
0
0
0
0
0
1944
5832
0
0
0
0
0
0
0
5760
2880
1080
480
480
0
0
0
0
0
4800
800
320
80
112
140
1120
4480
13440
11520
13824
13824
13824
2304
384
384
192
48
336
336
392
98
196
196
1764
2268
4536
4536
2592
1152
256
1152
576
1152
576
864
0
0
0
0
0
3456
2160
2160
5040
5040
6720
1344
672
864
216
243
243
162
54
54
36
72
288
192
768
640
2560
1920
960
1680
2688
2016
2016
8064
5760
5760
2880
2400
5400
1080
270
360
360
240
1440
3600
1800
3240
2160
2520
3024
7560
3360
4200
3600
4800
1920
3840
3072
4096
4608
2304
576
1152
1152
384
384
768
192
144
0
0
0
0
0
0
0
0
0
0
128
32
144
0
0
0
0
0
168
0
0
0
0
0
1800
1080
432
72
36
6
2
1
0
0
0
0
0
0
0
0
0
160
224
280
0
0
0
0
0
1296
1080
960
2160
12960
0
0
0
0
0
0
0
0
0
2016
0
0
0
0
0
0
0
0
0
2160
1200
800
1600
1600
960
1152
576
1296
2592
864
288
432
0
0
0
0
0
28224
28224
31752
9072
7938
2268
1008
448
448
512
1024
2304
0
0
0
0
0
4608
2048
10240
10240
0
0
0
0
0
180
1080
0
0
0
0
0
5103
567
243
81
648
504
2520
3360
10080
11340
3240
0
0
0
0
0
0
0
0
0
0
7776
11664
3888
1296
810
540
0
0
0
0
0
0
0
0
0
0
0
0
1920
384
288
144
144
1008
1008
0
0
0
0
0
0
0
0
0
0
980
0
0
0
0
0
0
1080
4320
6480
1296
1080
600
150
0
0
0
0
0
0
0
3375
4725
1890
1890
4410
1764
1260
4410
490
420
630
756
216
1296
1944
3240
3240
1620
2160
1920
768
768
5376
0
0
0
0
0
640
320
640
640
960
1152
0
0
0
0
0
0
480
420
1050
1050
0
0
0
0
0
0
0
0
3780
1620
1296
3240
0
Max Product  40824
