# produced with command: cat results.txt > sortedProducts.txt | sort -g

Max Product  40824
0
0
0
0
0
0
0
0
0
0
0
0
0
0
0
0
0
0
0
0
0
0
0
0
0
0
0
0
0
0
0
0
0
0
0
0
0
0
0
0
0
0
0
0
0
0
0
0
0
0
0
0
0
0
0
0
0
0
0
0
0
0
0
0
0
0
0
0
0
0
0
0
0
0
0
0
0
0
0
0
0
0
0
0
0
0
0
0
0
0
0
0
0
0
0
0
0
0
0
0
0
0
0
0
0
0
0
0
0
0
0
0
0
0
0
0
0
0
0
0
0
0
0
0
0
0
0
0
0
0
0
0
0
0
0
0
0
0
0
0
0
0
0
0
0
0
0
0
0
0
0
0
0
0
0
0
0
0
0
0
0
0
0
0
0
0
0
0
0
0
0
0
0
0
0
0
0
0
0
0
0
0
0
0
0
0
0
0
0
0
0
0
0
0
0
0
0
0
0
0
0
0
0
0
0
0
0
0
0
0
0
0
0
0
0
0
0
0
0
0
0
0
0
0
0
0
0
0
0
0
0
0
0
0
0
0
0
0
0
0
0
0
0
0
0
0
0
0
0
0
0
0
0
0
0
0
0
0
0
0
0
0
0
0
0
0
0
0
0
0
0
0
0
0
0
0
0
0
0
0
0
0
0
0
0
0
0
0
0
0
0
0
0
0
0
0
0
0
0
0
0
0
0
0
0
0
0
0
0
0
0
0
0
0
0
0
0
0
0
0
0
0
0
0
0
0
0
0
0
0
0
0
0
0
0
0
0
0
0
0
0
0
0
0
0
0
0
0
0
0
0
0
0
0
0
0
0
0
0
0
0
0
0
0
0
0
0
0
0
0
0
0
0
0
0
0
0
0
0
0
0
0
0
0
0
0
0
0
0
0
0
0
0
0
0
0
0
0
0
1
2
2
6
10
10
14
14
20
25
28
28
32
36
36
36
36
40
48
48
54
54
54
56
56
72
72
72
72
72
72
80
81
84
90
96
98
100
112
112
112
112
112
112
120
120
126
126
126
126
128
128
128
135
135
140
140
140
140
144
144
144
144
144
144
144
150
150
160
160
160
160
162
162
168
168
168
168
180
180
180
180
192
192
192
196
196
200
200
216
216
216
216
216
224
240
240
240
240
240
240
240
243
243
243
256
256
256
270
270
270
270
280
280
288
288
288
288
288
294
294
294
294
300
300
320
320
320
320
324
324
336
336
350
360
360
360
360
360
360
378
378
378
384
384
384
384
384
384
384
384
392
392
400
405
420
420
420
432
432
432
432
432
448
448
448
448
450
480
480
480
480
480
480
486
490
504
504
504
504
504
512
540
540
540
540
560
560
560
560
567
576
576
576
576
576
576
576
576
600
600
600
630
630
630
630
630
640
640
640
640
640
640
648
648
648
648
648
648
648
648
648
672
672
672
672
672
675
720
720
720
756
756
756
756
768
768
768
768
768
768
768
784
800
800
800
800
810
810
810
840
840
840
864
864
864
864
882
882
896
900
900
900
900
960
960
960
960
960
960
960
972
972
980
980
1000
1008
1008
1008
1008
1008
1008
1008
1008
1008
1024
1024
1024
1050
1050
1080
1080
1080
1080
1080
1080
1080
1080
1120
1120
1152
1152
1152
1152
1152
1152
1152
1152
1200
1200
1200
1200
1200
1260
1260
1280
1296
1296
1296
1296
1296
1296
1296
1323
1344
1344
1344
1344
1344
1344
1344
1400
1440
1440
1440
1440
1470
1470
1512
1512
1512
1536
1536
1568
1568
1600
1600
1600
1620
1620
1620
1620
1620
1620
1620
1680
1680
1680
1680
1728
1728
1728
1728
1764
1764
1764
1764
1792
1800
1800
1800
1890
1890
1890
1890
1890
1920
1920
1920
1920
1920
1920
1920
1944
1944
1944
1960
2016
2016
2016
2016
2016
2048
2048
2100
2160
2160
2160
2160
2160
2160
2160
2240
2268
2268
2304
2304
2304
2304
2400
2520
2520
2520
2520
2560
2560
2592
2592
2592
2592
2646
2688
2688
2700
2835
2880
2880
2880
2880
2880
2916
2916
2916
2940
3024
3024
3024
3024
3024
3024
3072
3072
3087
3150
3150
3240
3240
3240
3240
3240
3240
3240
3360
3360
3375
3402
3456
3456
3528
3528
3528
3600
3600
3600
3600
3780
3840
3840
3840
3840
3888
3888
3888
3888
3920
4032
4096
4200
4320
4320
4410
4410
4480
4500
4536
4536
4608
4608
4608
4608
4608
4725
4725
4725
4800
4800
5040
5040
5103
5184
5292
5376
5400
5400
5400
5670
5670
5670
5760
5760
5760
5760
5760
5832
5832
5832
5880
6048
6048
6048
6048
6300
6300
6480
6480
6480
6480
6480
6615
6720
6804
6804
7350
7560
7560
7560
7560
7560
7776
7776
7938
7938
7938
8064
8064
8100
8640
8640
8640
8820
8820
8960
9072
9072
9216
9408
10080
10080
10240
10240
10368
10368
10368
10752
11340
11520
11664
11664
11664
12096
12096
12096
12096
12960
12960
13440
13608
13824
13824
13824
13824
14112
14112
15552
15552
15552
15552
15552
16128
18144
24696
28224
28224
31752
31752
31752
40824
